uid 26325489|age 4|gender 2|marriageStatus 11|education 7|consumptionAbility 2|LBS 950|interest1 93 70 77 86 109 47 75 69 45 8 29 49 83 6 46 36 11 44 30 118 76 48 28 106 59 67 41 114 111 71 9|interest2 46 19 13 29|interest5 52 100 72 131 116 11 71 12 8 113 28 73 6 132 99 76 46 62 121 59 129 21 93|kw1 664359 276966 734911 103617 562294|kw2 11395 79112 115065 77033 36176|topic1 9826 105 8525 5488 7281|topic2 9708 5553 6745 7477 7150|ct 3 1|os 2|carrier 1
uid 1184123|age 2|gender 1|marriageStatus 5 13|education 2|consumptionAbility 1|LBS 803|interest1 75 29|interest2 33|kw1 338851 361151 542834 496283 229952|kw2 80263 39618 53539 180 38163|topic1 4391 9140 5669 1348 4388|topic2 9401 7724 1380 8890 7153|ct 3 1|os 1|carrier 1
uid 76072711|age 1|gender 1|marriageStatus 13 10|education 5|consumptionAbility 1|LBS 927|interest1 70 12 28 106 59 49 41 6 42 115 35 116 36 11 96|interest2 51 22 79 81 70 6 21 4 41 35|interest5 77 72 80 116 101 13 1 109 8 50 6 42 76 9 46 36 58 64 85 103 131 11 79 48 29 113 69 89 121 59 24 18 60 129 93 54|kw1 746140 695808 126355 771775 411511|kw2 105115 71378 41409 74061 44005|topic1 1502 5488 9826 2187 8088|topic2 5005 9154 2756 5612 4209|ct 3 1|os 1|carrier 3
uid 63071413|age 4|gender 1|marriageStatus 11|education 7|consumptionAbility 1|LBS 486|interest1 93 70 77 47 76 75 69 29 59 49 122 42 46 23 17 56 62 36 78 11 54 65|interest2 24 70 19 13 30 10|interest5 100 80 92 37 116 13 47 4 71 8 50 28 98 115 6 42 99 76 27 9 75 20 46 57 84 64 68 35 56 103 21 40 52 131 19 5 121 74 59 10 25 129 22 93|kw1 283399 402245 734509 654027 32061|kw2 74010 32918 67882 116802 20957|topic1 1619 7342 3064 9213 8525|topic2 810 2438 5659 1844 9262|ct 1 3|os 1 2|carrier 3
uid 81294159|age 5|gender 1|marriageStatus 11|education 6|consumptionAbility 2|LBS 112|interest1 75 29 49 122 36 11|interest5 131 116 13 8 6 132 42 9 59 18 58 64 129 103|kw1 562294 157603 589706 657719 495672|kw2 62764 97803 89066 55545 74061|topic1 477 9826 5808 644 2747|topic2 5483 2199 5424 1511 7751|ct 3 1 4 2|os 1|carrier 3
uid 26419924|age 1|gender 1|marriageStatus 10|education 2|consumptionAbility 0|LBS 589|kw2 18185 117462 75928 88141 40888|topic2 7043 7202 9227 5316 46|ct 0|os 0|carrier 0
uid 3467967|age 4|gender 1|marriageStatus 15|education 7|consumptionAbility 1|LBS 244|interest1 70 76 106 36 11|interest2 24 30|interest5 52 72 131 37 47 79 71 8 113 50 16 6 76 46 74 10 38 93|kw1 518300 122999 682774 268663 378773|kw2 52864 461 12933 35229 51399|topic1 4626 3657 3199 3159 1705|topic2 5115 296 598 986 5791|ct 1 3|os 1|carrier 2
uid 54125482|age 5|gender 1|marriageStatus 5 13|education 2|consumptionAbility 1|LBS 464|interest1 93 70 77 47 75 69 29 49 27 6 53 19 46 56 36 11 54 107 76 59 114 71 17 9 116|interest2 9 21|interest5 72 92 116 13 47 78 71 8 30 50 28 6 42 76 27 9 46 94 58 122 64 35 103 52 131 132 89 62 121 23 74 59 118 129 100 80 37 86 111 20 75 56 114 40 17 61 41 24 60 10 96 93|kw1 704724 593038 664919 542509 236956|kw2 11395 79112 61483 17460 105942|topic1 114 4305 8190 459 1471|topic2 7753 5641 8445 1460 5532|ct 1 3|os 1|carrier 3|house 1
uid 29339838|age 5|gender 1|marriageStatus 11|education 6|consumptionAbility 1|LBS 585|interest1 93 70 118 109 1 76 69 102 28 8 59 49 6 18 39 46 116 36 11 44|interest2 47 73 53 46 4 48 29|interest5 100 72 29 28 20 46|kw1 727276 281795 754537 459430 661396|kw2 28206 72531 94533 45366 59167|topic1 7674 1607 9187 9826 2506|topic2 2200 1217 856 9454 4668|ct 3 1|os 1|carrier 1
uid 3741280|age 1|gender 2|marriageStatus 10|education 7|consumptionAbility 1|LBS 705|interest1 70 76|interest2 47 31 32 44|interest5 77 100 72 92 116 47 109 8 50 86 28 6 42 99 76 27 20 46 58 64 40 52 131 11 107 79 69 41 132 19 5 121 59 118 10 129 93|kw1 279516 454738 497578 469468 196179|kw2 38442 28044 104780 12677 34525|topic1 6989 8567 4209 7684 2281|topic2 6329 9435 3730 80 718|ct 3 1|os 2|carrier 1|house 1
uid 53811011|age 2|gender 1|marriageStatus 13 10|education 2|consumptionAbility 1|LBS 100|interest1 70 109 47 69 28 59 49 64 6 119 95 71 9 17 56 116 36 11 38|interest2 46 72|interest5 52 72 131 116 11 47 78 71 8 30 50 73 6 132 102 121 23 59 18 58 81 38 21|kw1 755294 687054 468541 652406 592957|kw2 18185 66915 3465 41771 94457|topic1 9826 2718 5473 5269 7672|topic2 566 9118 3366 9787 1765|ct 3 1|os 1|carrier 1
uid 31034566|age 2|gender 1|marriageStatus 10|education 2|consumptionAbility 2|LBS 94|interest1 70 76 69 44|interest2 22 73 1 46 70 29 10 35|kw1 180741 652610 318081 618979 162804|kw2 18185 120298 93916 116369 61197|topic1 222 46 2344 2791 334|topic2 4793 3360 3194 6420 6909|ct 3|os 1|carrier 0
uid 39753337|age 4|gender 1|marriageStatus 0|education 7|consumptionAbility 0|LBS 458|interest1 36 11|kw1 516721 613088 373554|topic1 9826 2036 1052 8207 6732|ct 3|os 1|carrier 0
uid 2212898|age 2|gender 2|marriageStatus 10|education 1|consumptionAbility 1|LBS 421|interest2 24 30|interest5 52 31 92 131 71 8 50 115 6 76 75 59 60 130 96 21 93|kw2 94407 8125 121237 76629 105751|topic2 680 5712 901 4019 4473|ct 1 3|os 1|carrier 1
uid 7144556|age 1|gender 2|marriageStatus 13 10|education 6|consumptionAbility 2|LBS 902|interest1 36 11|interest5 37 6 42 46 74 64|kw2 117257 42277 75928 62487 30818|topic1 6845 6847 8916 3891 6701|topic2 5169 2386 7095 4192 2635|ct 1 4 3|os 1|carrier 1
uid 47100896|age 4|gender 1|marriageStatus 11|education 6|consumptionAbility 2|LBS 954|interest1 93 70 98 75 4 33 8 29 49 6 42 46 36 11 96 51 118 76 28 106 59 60 22 113 71|interest2 9 21 4 48 23|interest5 100 72 4 48 29 6 87 46 62|kw1 191560 192366 686293 517534 359273|kw2 79166 44005 74061 37224 41409|topic1 6939 644 7608 6661 358|topic2 7825 7336 336 6458 5278|ct 2 1 3|os 1|carrier 1
uid 37401818|age 2|gender 1|marriageStatus 10|education 2|consumptionAbility 2|LBS 964|interest2 63 73 31 1 70 4 30 74 39 44|interest5 52 100 92 116 13 71 8 6 42 9 75 46 121 59 118 58 64 35 114 21|kw2 56438 49132 10130 105942 81716|topic2 8828 3701 2908 2093 8921|ct 3 1|os 2|carrier 1|house 1
uid 38381096|age 1|gender 2|marriageStatus 10|education 6|consumptionAbility 2|LBS 514|interest1 59 49 114 68|interest2 1 70|kw1 297774 706940 216397|kw2 11538 77778 119818 1213 8875|topic1 7152 5754 8222 4264 7960|topic2 3573 5445 556 9435 2817|ct 3|os 1|carrier 0
uid 51376183|age 3|gender 2|marriageStatus 11|education 7|consumptionAbility 1|LBS 614|interest1 93 70 12 47 75 45 8 29 49 6 42 46 35 56 112 36 11 96 30 118 76 48 28 106 59 67 41 60 17 9 116|interest2 24 73 21 19 13 30|interest5 100 72 47 78 71 109 8 30 50 28 6 42 99 20 46 64 56 131 79 48 29 113 69 41 89 23 59 60 10 129 83|kw1 590981 76371 107362 782594 503318|kw2 32301 28206 37300 73796 30101|topic1 9826 6939 8129 523 5493|topic2 2880 4089 2524 9767 2101|ct 3 1|os 1|carrier 1
uid 3593731|age 4|gender 1|marriageStatus 13 15|education 7|consumptionAbility 1|LBS 532|interest1 93 70 37 109 98 47 75 1 4 102 29 49 6 73 46 56 36 11 76 48 28 106 59 67 39 95 71 9 17 87|interest2 22 24 52 70 6 21 19 4 13 30 48|interest5 100 72 92 37 105 4 1 78 71 109 8 30 50 6 75 46 91 52 131 11 79 29 113 87 74 59 60 129|kw1 315263 298533 49868 71940 8561|kw2 90656 28206 78030 74061 44005|topic1 5527 9786 4497 7684 5814|topic2 7348 5244 523 969 2955|ct 1 3|os 1|carrier 1
uid 28939677|age 5|gender 1|marriageStatus 13 10|education 2|consumptionAbility 2|LBS 268|interest1 109 12 49 15 122 6 89 119 18 115 88 113 71 81 36 34 11|interest5 100 131 13 47 71 109 8 50 19 9 46 81 35 21 15|kw1 449062 324796 273171 768010 232760|kw2 109660 10002 18185 30919 117462|topic1 5743 1566 4440 8097 5383|topic2 598 5230 8673 1411 4185|ct 3 1|os 1|carrier 1|house 1
uid 63515159|age 3|gender 1|marriageStatus 11|education 6|consumptionAbility 1|LBS 192|interest1 93 70 77 86 37 109 12 101 75 4 29 49 108 6 46 115 56 36 11 76 28 106 114 39 111 60 71 23 17 116|interest5 77 100 72 80 131 37 116 108 78 4 71 109 8 113 30 6 46 121 129 21|kw1 224284 773220 650363 284474 493555|kw2 28206 39544 92902 76233 85177|topic1 8048 8525 6661 523 1913|topic2 2119 137 7102 809 762|ct 1 4 3|os 1|carrier 0
uid 12310133|age 5|gender 1|marriageStatus 11|education 6|consumptionAbility 2|LBS 179|interest1 93 70 77 76 69 48 28 59 49 6 18 73 26 46 68 57 116 36 11 87 25 44|interest2 22 24 73 70 19 4 36 18 13 30 41 54|interest5 127 100 80 92 131 116 78 71 8 30 61 50 6 19 39 75 89 46 62 121 59 38 21|kw1 465998 502715 435043 646858 338755|kw2 65838 114283 34525 101980 41811|topic1 3414 6579 5297 6762 9546|topic2 5641 5115 9270 5074 3038|ct 3 1|os 2|carrier 1|house 1
uid 18539260|age 4|gender 1|marriageStatus 0|education 2|consumptionAbility 0|LBS 115|ct 0|os 0|carrier 0
uid 30174636|age 2|gender 1|marriageStatus 10|education 1|consumptionAbility 0|LBS 85|interest5 6 76 59 93|topic2 1529 425 8504 4431 2413|ct 3|os 1|carrier 0
uid 55104760|age 2|gender 1|marriageStatus 10|education 2|consumptionAbility 1|LBS 6|interest1 75 29|interest5 127 116 71 6 5 76 89 46 121 59 118 58 129 21 93|kw1 411962|kw2 18185 38442 36764 93916 91085|topic1 7684 8822 1344 9826 2747|topic2 9588 6566 6440 7290 820|ct 1 3|os 1|carrier 3
uid 53466026|age 1|gender 1|marriageStatus 10|education 2|consumptionAbility 2|LBS 348|interest1 70 86 28 49 41 83 23 36 11|interest2 22 73 1 70 74 10 35|interest5 33 131 13 47 78 71 109 8 30 6 9 59 129 81 35 38|kw1 399416 64588 446617 55402 594581|kw2 8546 109716 42003 21577 5623|topic1 642 7706 9826 4523 2854|topic2 5641 5115 8387 6311 7204|ct 3 1|os 2|carrier 1
uid 60909241|age 1|gender 1|marriageStatus 13 10|education 7|consumptionAbility 1|LBS 779|interest1 12 112 36 11|interest2 9|kw1 468512 37877 288184 292177 338851|kw2 70672 81211 32921 8546 79722|topic1 8068 829 4167 2464 4163|topic2 2143 5695 425 4724 5792|ct 3|os 1|carrier 0
uid 3275585|age 5|gender 2|marriageStatus 11|education 2|consumptionAbility 1|LBS 809|interest1 93 37 75 45 29 46 36 11|interest2 73 24 70 21 19 13 30 74|interest5 100 37 6 46 59|kw1 2268 665590 65240 497092 746542|kw2 32918 74010 53423 20957 35798|topic1 9615 523 6939 1457 7366|topic2 3604 9399 5298 4906 7588|ct 3 2 1 4|os 2|carrier 1
uid 54321891|age 2|gender 2|marriageStatus 10|education 6|consumptionAbility 1|LBS 945|interest1 69 33 29 36 11 38|interest5 52 72 47 8 69 6 76 89 59 129 22 67 93|kw1 131879 744082 369317 625798 550675|kw2 9279 60463 104182 8207 33151|topic1 7017 8133 388 3833 7688|topic2 2509 9403 8621 6492 1023|ct 3|os 1|carrier 0
uid 59332599|age 4|gender 1|marriageStatus 11|education 6|consumptionAbility 1|LBS 748|interest1 93 70 118 98 76 28 8 106 29 59 49 46 17 56 36 11|interest2 24 79 6 30|kw1 144650 531283 415431 651180 696234|kw2 62604 108394 10470 81211 40957|topic1 1217 4250 9577 7636 4305|topic2 5329 6345 9539 1089 257|ct 1 3|os 1|carrier 0
uid 54887381|age 2|gender 1|marriageStatus 10|education 7|consumptionAbility 1|LBS 108|interest2 24 79 73 70 6 4 30 74 54|interest5 131 37 116 47 8 61 50 73 132 76 46 121 18 58 81 130 96|kw2 43112 68734 974 29946 61963|topic2 2636 5810 7816 6250 4325|ct 3 1|os 1|carrier 1
uid 66026933|age 5|gender 1|marriageStatus 10|education 7|consumptionAbility 0|LBS 18|interest1 70 109 12 76 119 73 112 36 11 87|kw1 482526 468512 739307 669604 556397|topic1 969 6939 5935 1971 6110|topic2 8428 695 5226|ct 0|os 0|carrier 0
uid 30569310|age 1|gender 1|marriageStatus 10|education 6|consumptionAbility 2|LBS 492|interest1 70 109 4 75 106 29 5 46 111 36 11|interest2 1 46 70 14|interest5 52 72 92 131 116 4 79 71 8 6 5 76 75 46 121 129 21 93|kw1 620904 49165 763509 131879 571830|kw2 11249 39525 111436 81211 87384|topic1 1874 9826 6846 173 6762|topic2 542 6362 4159 8384 6237|ct 3|os 1|carrier 0
uid 71283200|age 3|gender 1|marriageStatus 11|education 7|consumptionAbility 1|LBS 104|interest1 93 70 77 37 109 12 75 69 29 49 27 6 42 73 53 46 35 112 36 34 11 38 20 100 76 48 41 119 71 23 3 87|interest2 4 48|interest5 100 80 37 4 6 46 129|kw1 731217 211439 696607 338851 271833|kw2 62764 19826 36764 93916 87681|topic1 7366 523 6939 9826 8822|topic2 5728 5128 7938 3444 4970|ct 1 3|os 1 2|carrier 2
uid 74021612|age 1|gender 1|marriageStatus 0|education 7|consumptionAbility 0|LBS 567|interest1 36 11|kw1 502358|topic1 2564 9959 6253 822 4046|ct 0|os 0|carrier 0
uid 70005850|age 4|gender 1|marriageStatus 11|education 6|consumptionAbility 2|LBS 176|interest1 93 70 75 76 69 28 106 16 29 49 6 73 46 71 116 36 11 3 44|interest2 46 21 28 65 14 29|interest5 100 72 92 131 116 128 29 8 50 6 19 75 89 46 121 123 59|kw1 468686 150688 419195 573044 223415|kw2 52864 461 12933 75000 59798|topic1 6271 4464 4971 6850 8238|topic2 2926 4274 5019 3068 9008|ct 1 3 2|os 1|carrier 1
uid 26826106|age 1|gender 1|marriageStatus 12 13|education 7|consumptionAbility 1|LBS 978|interest1 70 86 12 47 76 75 69 29 83 6 2 22 112 36 34 21 54 65 11 38|interest2 24 30|interest5 72 92 37 116 13 47 1 71 109 8 50 6 42 9 75 46 94 84 58 122 35 103 21 65 52 131 79 17 19 5 121 74 118 10 60 18 129 120|kw1 507792 40341 794915 468512 690717|kw2 2042 70903 22381 48733 82720|topic1 6563 2676 5037 7909 6265|topic2 8785 41 6364 1780 992|ct 3 1 2|os 2|carrier 3|house 1
uid 32367725|age 1|gender 1|marriageStatus 13 10|education 7|consumptionAbility 1|LBS 585|interest1 70 86 47 28 59 49 83 41 23 17 9 56 36 11|interest2 24 52 21 4 30 48|interest5 52 72 92 131 116 47 79 71 8 50 41 6 76 111 102 121 60 10 129 22 38 21 93|kw1 669594 562294 468303 500920 607835|kw2 40322 34410 119497 37224 27844|topic1 7667 7684 5029 6255 7165|topic2 6420 8525 6945 4700 6909|ct 3 1|os 2 1|carrier 1|house 1
uid 25781571|age 5|gender 2|marriageStatus 10|education 1|consumptionAbility 0|LBS 611|interest1 6 71 36 11|interest2 70 54|kw1 555710 135734 766782 773027 277620|kw2 109762 87912 74065 117462 100125|topic1 7316 6595 8103 2961 4367|topic2 4518 4778 2400 5892 4524|ct 0|os 0|carrier 0
uid 64305650|age 1|gender 1|marriageStatus 10|education 7|consumptionAbility 0|LBS 687|interest1 93 77 47 75 29 6 46 57 9 116 36 11|interest2 9 55|interest5 52 100 80 131 116 13 1 109 8 6 39 46 94 59 129|kw1 50012 527440 155531 193555 582229|kw2 104181 49081 38236 91085 55816|topic1 5297 7950 3957 2287 134|topic2 6586 8191 9591 8140 9593|ct 3|os 1|carrier 1
uid 14723377|age 2|gender 1|marriageStatus 10|education 7|consumptionAbility 1|LBS 52|interest1 70 118 76 69 8 49 6 114 60 57 36 11 20|interest5 127 100 72 116 11 79 6 46 62 121 59|kw1 33821 733317 296163 195689 180145|kw2 104557 83288 113433 76242 46123|topic1 3632 6233 2342 6494 466|topic2 8630 2859 9938 2400 4793|ct 1 3|os 2|carrier 1|house 1
uid 39802306|age 5|gender 1|marriageStatus 11|education 7|consumptionAbility 1|LBS 687|interest1 93 70 12 76 75 1 69 48 102 28 29 6 42 46 57 17 56 116 112 36 11 54 96|interest2 73 24 30 74|interest5 100 72 92 37 116 13 71 8 50 28 6 42 76 111 75 20 46 58 64 122 103 38 52 131 113 66 121 59 118 60 129 96|kw1 126550 486081 340976 433156 471858|kw2 6918 44999 120959 91187 79946|topic1 5279 4080 8525 7520 4149|topic2 3160 9810 7202 5085 8633|ct 3 1|os 2|carrier 3
uid 11412031|age 1|gender 2|marriageStatus 13 10|education 1|consumptionAbility 2|LBS 333|interest1 49 18 36 11|kw1 520636 562661 134516 664919 658713|kw2 66915 116506 45844 85039 120552|topic1 7484 293 1435 6246 644|topic2 3600 3109 7021 2168 3726|ct 0|os 0|carrier 0
uid 78054004|age 3|gender 1|marriageStatus 11|education 7|consumptionAbility 0|LBS 246|interest1 93 70 98 29 41 46 36 11|interest5 100 72 31 131 37 11 8 17 50 42 46 24 85|kw1 226422 8561 494147 476170 696607|kw2 81211 101715 85039 57844 92030|topic1 727 5706 4929 8752 2648|topic2 5813 6751 4329 4030 527|ct 1 3 4|os 1|carrier 1
uid 68237566|age 3|gender 1|marriageStatus 11|education 4|consumptionAbility 0|LBS 809|interest1 93 70 86 76 75 4 33 29 59 49 41 83 6 114 46 71 116 36 11|interest2 24 4 30 48|interest5 100 72 131 37 116 11 4 79 8 6 42 89 46 121 59 64|kw1 82325 512866 226422 691885 53354|kw2 85580 87384 71052 302 81211|topic1 6939 7604 8048 2905 193|topic2 41 2565 2092 4866 4737|ct 3 1 2|os 1|carrier 2
uid 78207889|age 1|gender 1|marriageStatus 10|education 2|consumptionAbility 2|LBS 696|interest1 70 109 75 28 29 49 119 42 114 36 82 11|interest2 22 24 70 30 54 10|interest5 37 116 13 78 109 30 50 73 6 132 42 46 121 74 59 60 84 18 58 64 129 103 83|kw1 346914 406593 113431 739015 2268|kw2 11395 82720 79112 44265 118579|topic1 5201 9834 9332 8221 2255|topic2 7813 9171 235 6286 6637|ct 3|os 1|carrier 1
uid 19408652|age 1|gender 2|marriageStatus 13 10|education 7|consumptionAbility 1|LBS 585|interest1 70 109 76 28 106 59 49 6 119 42 39 114 91 111 23 35 116 36 11|interest2 46 72|interest5 72 92 116 13 47 78 109 8 112 30 50 6 42 76 27 9 58 64 103 52 131 73 132 5 97 89 121 23 59 118 129 120 128 75 40 11 107 79 29 113 69 41 19 60 10 130 96 93|kw1 131775 738095 338932 54928 471274|kw2 117904 93916 66915 121296 105942|topic1 8187 4025 2654 8823 2128|topic2 6424 6764 5857 6225 628|ct 1 3|os 2|carrier 3|house 1
uid 39355724|age 1|gender 2|marriageStatus 10|education 2|consumptionAbility 2|LBS 201|interest1 70 28 73 17 56 36 11 50|interest2 73 1 46 70 74 37|interest5 72 92 116 78 8 30 50 28 6 2 42 27 75 20 64 68 133 40 52 31 131 69 121 59 60 129|kw1 2268 297041 581639 148929 278704|kw2 120667 120552 16186 81120 8646|topic1 6999 1517 8944 9055 7114|topic2 7003 2776 780 7136 2354|ct 1 3|os 2|carrier 1
uid 26992333|age 5|gender 1|marriageStatus 10|education 6|consumptionAbility 0|LBS 687|kw2 117462 5827 75260 55952 60959|topic2 163 566 3104 1122 6945|ct 0|os 0|carrier 0
uid 27936353|age 1|gender 2|marriageStatus 13 10|education 2|consumptionAbility 0|LBS 341|kw2 77448 99348 48343 93916 11836|topic2 950 7881 9810 7433 25|ct 0|os 0|carrier 0
uid 66656209|age 1|gender 1|marriageStatus 10|education 7|consumptionAbility 1|LBS 275|interest1 70 86 118 12 100 76 8 49 83 122 6 72 22 88 36 11|interest2 73 74|interest5 72 116 13 47 45 8 30 50 6 76 9 57 122 52 131 107 73 89 121 59 60 10 129 81 93|kw1 757891 388749 27833 14341 584360|kw2 56399 88891 56344 31506 18240|topic1 7866 1114 941 4573 801|topic2 5937 3281 1848 9272 8883|ct 1 3|os 2|carrier 1|house 1
uid 29244339|age 3|gender 1|marriageStatus 13|education 2|consumptionAbility 2|LBS 592|interest1 93 70 77 86 37 109 12 75 69 8 29 49 83 108 6 46 36 34 11 44 30 76 28 106 18 39 57 116|interest2 73 24 9 46 70 4 30 48 14 10|interest5 127 100 80 131 37 8 28 99 20 46|kw1 688723 761845 493555 276154 762685|kw2 52864 461 12933 846 11395|topic1 6939 9826 523 9264 6288|topic2 4232 7240 271 9239 3024|ct 3|os 1|carrier 1
uid 30085133|age 5|gender 2|marriageStatus 15|education 3|consumptionAbility 1|LBS 809|interest1 75 29 36 11|interest2 58 24 52 21 18 30|interest5 52 72 131 37 53 29 8 30 28 98 99 20 46|kw1 23061 196939 53354 223415 497092|kw2 32301 82788 63918 26491 86898|topic1 1904 1803 3871 7684 1164|topic2 4883 8704 6048 7098 3988|ct 3|os 2|carrier 1
uid 81597571|age 1|gender 2|marriageStatus 10|education 1|consumptionAbility 2|LBS 121|interest2 73 1 70 19 13|kw2 102474 8546 112877 95597 18185|topic2 5641 5115 7539 6459 6311|ct 3 1|os 1|carrier 1
uid 40420166|age 1|gender 1|marriageStatus 10|education 7|consumptionAbility 2|LBS 961|interest1 6 116 36 11|interest2 24 42 73 9 46 70 3 30 14 10|interest5 52 100 72 131 37 78 4 79 71 8 30 6 46 59 21|kw1 159583 387107 624687 701393|kw2 52864 461 12933 2042 56773|topic1 8525 5073 7019 9826 1262|topic2 7977 6974 762 325 9503|ct 1 3|os 1|carrier 1
uid 22957820|age 1|gender 1|marriageStatus 13 10|education 2|consumptionAbility 1|LBS 268|interest1 70 12 28 59 49 6 18 68 57 17 56 116 36 34 11|kw1 782594 572255 1119 555710 246531|kw2 94093 81476 36301 235 58271|topic1 5107 4710 9669 4351 3224|topic2 6360 2611 1327 4931 7107|ct 0|os 0|carrier 0
uid 3377330|age 5|gender 1|marriageStatus 11|education 7|consumptionAbility 1|LBS 687|interest1 93 70 76 59 49 41 6 46 17 56 116 36 11|interest2 24 1 70 30|interest5 100 92 37 116 13 47 71 8 50 115 6 42 9 46 57 64 21 52 131 17 132 121 59 24 60 10 129 110 81|kw1 195990 408532 717647 715488 226422|kw2 21606 70935 76242 34004 20948|topic1 1215 1296 8442 2011 9753|topic2 1765 2047 2729 9993 1477|ct 1 3 4|os 1 2|carrier 1
uid 60789744|age 5|gender 1|marriageStatus 11|education 2|consumptionAbility 1|LBS 585|interest1 93 70 77 37 76 49 122 6 18 114 46 60 71 36 11|interest2 21|interest5 100 72 80 37 116 13 71 8 50 6 76 46 14 114 21 52 131 107 121 74 59 60 129 96|kw1 671413 529348 118076 242189 507825|kw2 105115 55545 19826 64189 36890|topic1 9708 217 9826 1396 3732|topic2 5046 9154 9385 764 2537|ct 3 1|os 1 2|carrier 1
uid 49185220|age 2|gender 2|marriageStatus 10|education 2|consumptionAbility 2|LBS 737|interest2 70 54|kw2 106194 118579 765 70701 98059|topic2 6440 1933 7662 7009 1869|ct 0|os 0|carrier 0
uid 73312614|age 4|gender 1|marriageStatus 13|education 2|consumptionAbility 0|LBS 894|interest1 93 70 77 86 37 109 98 1 75 69 102 8 29 49 108 6 42 73 46 35 56 36 11 38 51 30 118 76 122 39 17 24 116 87|interest2 4|kw1 208810 338851 672866 433006 631378|kw2 28206 71710 77096 89291 43585|topic1 8778 4209 6424 9826 6939|topic2 7118 6637 6041 9667 894|ct 1 4 3|os 1|carrier 0
uid 79898178|age 2|gender 2|marriageStatus 10|education 2|consumptionAbility 2|LBS 783|interest1 93 70 77 118 109 76 28 8 49 122 6 119 114 91 46 116 36 11|interest2 22 9 46 70 55 54 29|interest5 100 72 80 92 116 78 71 30 50 86 6 42 27 75 46 64 85 103 21 40 61 69 73 132 121 59 129|kw1 297322 793128 456471 497092 403861|kw2 28206 47664 117525 20757 9551|topic1 2636 6661 7688 7772 4367|topic2 7772 8893 7834 2941 5157|ct 3 1|os 1|carrier 1
uid 9106864|age 1|gender 2|marriageStatus 10|education 6|consumptionAbility 1|LBS 803|interest1 70 67 6 71 36 11|interest5 52 72 92 116 78 71 8 30 69 6 42 75 121 136 59 56 38|kw1 568750 201476 198965 168134 523484|kw2 38163 9371 106676 51859 88141|topic1 7728 7108 3704 4765 7993|topic2 1776 8402 7165 3216 240|ct 3 2 1|os 2|carrier 2
uid 38871097|age 5|gender 1|marriageStatus 10|education 7|consumptionAbility 1|LBS 431|interest1 59 49 36 11|interest5 92 116 53 13 30 6 42 39 111 121 59 14 64 129|kw1 764860 625391 538596|kw2 66915 105942 116065 51859 75928|topic1 4483 4888 1947 2459 3162|topic2 3943 8709 5837 8311 3461|ct 3 1|os 2|carrier 1
uid 22170938|age 1|gender 1|marriageStatus 11|education 7|consumptionAbility 1|LBS 809|interest1 70 37 118 47 76 28 8 42 46 35 9 36 11|interest2 22 73 24 70 30 10 35|interest5 127 100 37 116 13 47 71 8 28 98 6 42 9 46 36 64 56 52 131 62 121 59 25 129 81|kw1 242098 761845 367296 555051 329871|kw2 44360 30937 88002 18185 93916|topic1 9833 5438 9735 3369 854|topic2 2774 8183 3820 3706 597|ct 3 2 1|os 2|carrier 2|house 1
uid 68503107|age 5|gender 1|marriageStatus 11|education 1|consumptionAbility 1|LBS 718|interest1 93 70 109 47 75 76 29 41 6 119 42 39 46 9 116 36 120 11 65 96|interest2 58 9 31 7 44|interest5 100 116 78 1 71 109 8 30 28 6 7 76 27 46 21 40 26 52 131 121 59 129 93 83|kw1 472789 532453 130776 680328 548239|kw2 104780 112502 113969 12677 18240|topic1 7967 6939 1645 8110 644|topic2 4745 1839 1765 105 4978|ct 1|os 2|carrier 1
uid 15490812|age 2|gender 2|marriageStatus 10|education 6|consumptionAbility 1|LBS 176|interest1 70 100 75 29 17 56 36 11|interest2 73 74|interest5 92 37 116 13 78 1 109 30 50 28 115 6 42 76 20 46 64 35 73 132 97 121 74 59 60 129 130 93|kw1 53498 741233 48316 209154 796636|kw2 59689 12426 121270 40141 94382|topic1 9826 1264 5606 2747 3162|topic2 5641 6755 5115 4975 6771|ct 3|os 1|carrier 3
uid 5329206|age 2|gender 2|marriageStatus 13 10|education 2|consumptionAbility 2|LBS 662|interest1 51 70 76 48 28 8 106 59 49 41 73 17 56 36 11 87|kw1 338851 440038 726923 64588 297041|kw2 85195 107651 57123 97903 96538|topic1 9826 1280 6939 9549 7596|topic2 9435 8048 5732 8383 1765|ct 3|os 1|carrier 0
uid 19645368|age 3|gender 1|marriageStatus 11|education 1|consumptionAbility 2|LBS 215|interest1 93 70 118 109 100 75 76 8 29 67 59 49 6 39 46 116 36 11|interest2 70 10|interest5 52 100 72 131 11 79 8 6 46 129|kw1 55402 120165 223415 8561 411962|kw2 11395 43134 79112 87384 92201|topic1 3856 1812 381 3625 725|topic2 5887 2233 680 8654 9590|ct 3 1 4 2|os 1 2|carrier 2
uid 6303903|age 3|gender 2|marriageStatus 0|education 2|consumptionAbility 1|LBS 821|interest1 93 70 77 37 109 98 75 4 33 8 29 49 27 6 53 46 56 36 11 118 76 48 106 39 23 17 116|interest2 63 30|kw1 83681 8561 710624 755294 44805|kw2 106673 105941 60043 7545 29578|topic1 9826 7780 5958 7688 7044|topic2 553 5927 2246 1242 8034|ct 3|os 1|carrier 0
uid 52296860|age 5|gender 2|marriageStatus 12 13|education 6|consumptionAbility 1|LBS 72|interest1 118 8 36 11|interest2 58 1 46 70 19 13 29|interest5 119 52 72 31 131 116 47 79 71 109 8 6 42 76 121 59 10 64 129 3 120 21|kw1 340976 358638 777213 32943 555710|kw2 75268 25158 56556 66915 85039|topic1 3755 9964 9826 3562 2290|topic2 3626 263 5651 2417 2383|ct 1 3 2|os 2|carrier 3
uid 48156859|age 2|gender 1|marriageStatus 10|education 6|consumptionAbility 1|LBS 458|interest1 70 76 69 28 59 49 41 122 6 18 73 23 116 36 11 107 50|interest5 72 33 92 116 13 47 1 109 50 115 6 42 76 9 75 64 35 113 41 19 121 59 60 10 129 93|kw1 438702 335025 185918 484320 164431|kw2 100552 51859 1255 76242 46123|topic1 1419 9826 537 5798 2132|topic2 1104 3915 7088 9713 8595|ct 3 1|os 1 2|carrier 2|house 1
uid 30532008|age 1|gender 1|marriageStatus 11|education 7|consumptionAbility 1|LBS 737|interest1 70 109 98 75 69 8 29 49 56 36 11 107 20 63 51 48 28 16 59 41 119 18 114 17|interest2 31 4 39 7|interest5 72 92 116 53 13 78 71 8 30 50 6 2 42 76 57 64 133 114 52 131 61 41 73 89 62 121 59 129 96|kw1 220813 589726 223421 752145 52599|kw2 49132 80452 55867 67674 84334|topic1 6268 2117 8098 9826 3997|topic2 3540 3911 2919 358 2855|ct 3 1|os 1|carrier 1|house 1
uid 32294201|age 5|gender 2|marriageStatus 11|education 5|consumptionAbility 1|LBS 85|interest1 70 77 109 75 8 29 49 6 46 56 36 11 30 118 76 28 106 59 67 41 15 122 18 114 39 57 23 17 116|kw1 150800 297041 463195 438702 162804|kw2 32361 89860 51859 4434 113070|topic1 7697 1871 1584 4727 9262|topic2 2997 3128 3197 8571 3422|ct 1|os 1|carrier 0
uid 16799986|age 5|gender 1|marriageStatus 11|education 7|consumptionAbility 2|LBS 774|interest1 93 70 86 109 12 47 75 45 8 29 49 6 73 72 46 88 36 11 30 118 100 76 28 106 59 15 91 71 57 9 116 117|interest2 22 73 79 70 6 74 10|interest5 52 100 1 71 109 8 50 6 42 46 59 60 129 56 103|kw1 645242 268945 761845 162804 786053|kw2 52864 12933 461 28206 8646|topic1 1649 9826 9832 6939 280|topic2 7205 2690 625 9927 4192|ct 3 1|os 1|carrier 1|house 1
uid 79672682|age 1|gender 1|marriageStatus 10|education 3|consumptionAbility 1|LBS 121|interest1 93 70 86 109 4 75 76 45 29 49 83 119 42 114 72 46 113 17 56 36 82 11|interest2 73 9 18 74 27|interest5 77 33 92 37 116 13 1 109 8 86 6 2 42 76 46 57 58 64 133 103 131 132 121 59 118 93 54|kw1 707579 497092 542216 303272 511167|kw2 53851 117548 88002 86131 75489|topic1 8833 2636 3393 3207 8895|topic2 8847 9356 3771 4678 6211|ct 1 3|os 2|carrier 1
uid 38441726|age 1|gender 2|marriageStatus 10|education 7|consumptionAbility 1|LBS 642|interest1 86 47 69 59 49 83 42 9 36 82 11 38|interest2 21|interest5 52 92 131 116 13 78 8 30 86 6 42 5 76 75 121 94 59 129 68 103 93|kw1 706793 183225 469327 369678 181856|kw2 88329 98596 82368 5376 75956|topic1 779 2072 5610 8064 5591|topic2 8089 3544 415 8183 5429|ct 1 3|os 2|carrier 1|house 1
uid 36740681|age 5|gender 2|marriageStatus 10|education 6|consumptionAbility 1|LBS 392|interest2 19 13|interest5 116 13 132 9|kw2 105115 39742 120641 75268 71195|topic2 3723 7626 9879 3136 6237|ct 3 1|os 2|carrier 1
uid 31061474|age 4|gender 1|marriageStatus 11|education 2|consumptionAbility 0|LBS 514|interest1 93 77 86 109 75 69 8 105 29 49 83 6 2 43 46 56 36 11 38 118 119 39 114 91 111 57 17 116|interest2 42 52 70 21 33 16|interest5 52 100 72 80 131 116 8 69 6 132 46 121 74 59 129|kw1 27833 210767 95332 389586 760003|kw2 95747 26205 42483 75000 104182|topic1 523 7059 9826 8778 1564|topic2 3273 8828 222 6515 358|ct 1 2|os 1|carrier 2
uid 15851097|age 1|gender 1|marriageStatus 10|education 2|consumptionAbility 0|LBS 810|interest1 70 76 28 36 11|interest5 72 92 131 11 8 86 6 42 76 129 68 93|kw1 522888 196312 666814 31284 317229|kw2 11395 34802 89419 51938 63243|topic1 5720 5732 4033 418 7813|topic2 2062 276 5887 9707 4514|ct 3 1|os 1|carrier 1
uid 433797|age 5|gender 1|marriageStatus 11|education 6|consumptionAbility 1|LBS 484|interest1 93 70 76 75 29 73 46 17 56 36 11 87|interest2 24 21 30|interest5 100 72 37 79 50 6 46 59 60|kw1 345784 741975 738193 746278 26682|kw2 82323 7794 6918 120959 44999|topic1 6661 3116 1525 6973 9131|topic2 7477 3275 1262 364 2376|ct 1 3|os 1|carrier 1
uid 23718536|age 1|gender 1|marriageStatus 10|education 7|consumptionAbility 2|LBS 415|interest1 70 86 76 28 106 59 49 122 2 36 11|interest2 51 79 46 70 6 19 4 13 41 10 29|interest5 52 131 101 13 47 109 8 6 42 9 94 59 14 64 110|kw1 487684 208873 430857 350990 348910|kw2 11395 26009 79112 8546 83288|topic1 63 9205 9292 8663 3068|topic2 5641 9794 7509 3664 6539|ct 3 1|os 1|carrier 1
uid 55244033|age 2|gender 1|marriageStatus 13 10|education 3|consumptionAbility 2|LBS 137|interest1 70 28 106 6 116 36 11|interest2 42 46 70 29|kw1 66877 560738 687054 408007 301016|kw2 43087 180 39618 72962 19826|topic1 2800 2557 9163 2828 4485|topic2 7910 5788 2003 5715 2700|ct 2|os 0|carrier 0
uid 33813962|age 5|gender 1|marriageStatus 10|education 7|consumptionAbility 1|LBS 7|interest1 70 75 76 48 29 49 18 23 36 11|interest5 52 131 116 47 8 6 42 5 121 59 10 36 64 129|kw1 71477 650409 448769 630647 562294|kw2 98808 27810 88002 48986 19106|topic1 8327 1971 3749 523 7992|topic2 1427 24 6586 1267 658|ct 1 3 4|os 1 2|carrier 1|house 1
uid 26130047|age 3|gender 2|marriageStatus 0|education 2|consumptionAbility 2|LBS 72|interest1 93 70 77 37 98 121 47 76 75 102 29 27 53 19 46 9 36 11|interest5 100 72 80 131 37 11 79 8 6 27 46 59 40|kw1 496022 508259 5373 527652 576380|kw2 30101 846 16631 18185 51859|topic1 9906 9826 523 1338 2905|topic2 7457 9708 6945 883 3193|ct 1 3|os 1|carrier 1
uid 23025326|age 4|gender 1|marriageStatus 11|education 7|consumptionAbility 2|LBS 85|interest1 93 70 77 86 37 109 12 98 47 75 29 49 83 6 42 73 46 56 36 34 11 96 76 48 28 106 59 39 71 9 17 3 90|interest2 21|kw1 338851 538596 332543 97108 2268|kw2 75000 74061 44005 95597 82643|topic1 9324 9826 6661 145 523|topic2 5005 7530 9385 5792 5299|ct 3 1|os 1|carrier 0
uid 27521985|age 1|gender 1|marriageStatus 10|education 6|consumptionAbility 1|LBS 346|interest1 70 86 109 100 47 76 28 59 49 41 119 2 42 73 114 72 9 35 36 11 90|interest2 4 48|interest5 77 72 92 116 13 47 71 109 128 8 50 86 115 6 2 42 76 27 75 9 58 64 35 85 103 38 114 40 52 131 107 29 73 132 89 121 59 118 60 129 110 96 120 93|kw1 790848 622757 411038 589299 346900|kw2 56400 84023 26546 37224 32415|topic1 1595 6812 6227 9826 8357|topic2 3069 1104 8116 8077 2736|ct 1 3|os 1|carrier 1|house 1
uid 37397682|age 2|gender 1|marriageStatus 10|education 2|consumptionAbility 1|LBS 779|interest5 72 116 78 79 30 6 42 121 64 129|kw2 56438 48826 45172 81716 105942|topic2 5086 7561 7724 287 8646|ct 1 3|os 2|carrier 1
uid 72340789|age 5|gender 0|marriageStatus 10|education 2|consumptionAbility 0|LBS 346|interest1 70 76|interest2 21|kw1 582265 279516 633028|kw2 38163 19483 11395 79112 34154|topic1 2519 2267 1589 4378 2091|topic2 2685 6559 1285 3313 8116|ct 3 1|os 1|carrier 0
uid 28881225|age 2|gender 2|marriageStatus 13 10|education 2|consumptionAbility 2|LBS 647|interest2 1 46 70 29|kw2 58528 95828 77930 20331 85610|topic2 2485 6945 8525 982 6420|ct 3 1|os 1|carrier 0
uid 59066319|age 5|gender 2|marriageStatus 11|education 6|consumptionAbility 2|LBS 38|interest1 70 76 106 59 49 15 42 17 35 56|interest5 72 78 71 30 61 50 28 66 6 55 88 59 129 21|kw1 421692 75692 726019 562747 184876|kw2 12933 66915 105942 68019 93916|topic1 6011 4486 8643 7581 7690|topic2 3730 1310 1925 9958 4839|ct 3 1 2|os 1|carrier 3
uid 9470187|age 5|gender 1|marriageStatus 11|education 7|consumptionAbility 0|LBS 816|interest1 93 70 98 75 4 29 49 64 73 46 58 36 11 87|interest5 100 4 6 46 59|kw1 233073 606283 704277 586186 157542|kw2 100552 46123 21374 98767 62540|topic1 5329 4816 2389 188 9826|topic2 9794 3623 4128 5204 6583|ct 3 1 2|os 1|carrier 0
uid 30936235|age 4|gender 1|marriageStatus 0|education 2|consumptionAbility 0|LBS 809|interest1 93 70 77 37 75 76 4 69 33 29 6 73 26 46 17 56 116 36 11 87 44 25|interest2 63 47 20 30|interest5 100 80 37 4 71 6 46 129 21|kw1 8561 281913 231012 165447 100680|kw2 70253 101375 77930 57608 37019|topic1 3312 9826 5728 8110 3414|topic2 3366 644 6286 5669 2663|ct 3 1|os 1|carrier 1
uid 35314042|age 1|gender 1|marriageStatus 10|education 7|consumptionAbility 0|LBS 585|topic2 4818 3193 3717 57 3734|ct 0|os 0|carrier 0
uid 40294105|age 2|gender 1|marriageStatus 10|education 2|consumptionAbility 0|LBS 209|interest1 86 47 75 29 83 6 22 9|interest2 73 33 80 16|kw1 532453 23790 369678 590510 114237|kw2 15571 104155 1626 48624 45085|topic1 644 4535 7366 3162 8822|topic2 5847 2535 1921 6947 145|ct 1 3|os 1|carrier 0
uid 64693720|age 1|gender 1|marriageStatus 6 13|education 6|consumptionAbility 0|LBS 338|interest1 70 100 59 49 36 11|interest5 52 72 92 131 116 11 34 8 30 50 6 19 76 111 121 59 60 129 51|kw1 38283 760376 697767 30347 291708|kw2 31920 16631 18185 10346 75659|topic1 4328 3544 7629 3650 8424|topic2 6547 598 2766 7684 7695|ct 1 3|os 1|carrier 1|house 1
uid 21718300|age 2|gender 1|marriageStatus 10|education 7|consumptionAbility 1|LBS 892|interest1 93 70 37 118 100 76 75 28 8 106 29 59 49 6 26 46 71 57 23 116 36 11 25|interest2 22 70 4|interest5 127 100 72 37 116 13 47 78 109 12 8 30 6 76 27 9 46 58 40 52 131 11 113 41 89 121 74 59 118 10 18 51 120 93|kw1 26682 279670 111709 573044 583202|kw2 38442 91085 846 33055 81422|topic1 8357 1578 5911 1456 6096|topic2 7477 9047 2541 1767 364|ct 1 3|os 1|carrier 3|house 1
uid 57933382|age 1|gender 1|marriageStatus 10|education 7|consumptionAbility 1|LBS 275|interest1 70 109 100 47 76 28 49 6 119 114 57 9 58|interest2 24 30|interest5 52 131 116 13 8 50 19 121 60 35|kw1 244739 311558 226362 37390 777250|kw2 40322 32301 109657 31920 62731|topic1 2468 5440 4379 4117 523|topic2 3281 4860 7850 9211 6468|ct 3|os 2|carrier 3
uid 58190830|age 1|gender 2|marriageStatus 11|education 3|consumptionAbility 2|LBS 614|interest1 70 76 69 42 36 11 96 44|interest2 24 30|interest5 37 42 46 103|kw1 497578 605930 338851 8561 179969|kw2 5877 70903 3900 78618 76377|topic1 9264 9826 7302 9752 9228|topic2 7809 8246 9542 1528 3308|ct 3|os 1|carrier 1
uid 8783528|age 1|gender 1|marriageStatus 13 10|education 4|consumptionAbility 1|LBS 121|interest1 12 112 36 11|interest5 72 11 76 27 40 93|kw1 468512 54473 659709 565255 308791|kw2 59999 62888 343 36684 42277|topic1 9749 3039 5625 8401 9826|topic2 4974 9777 2286 690 1040|ct 0|os 0|carrier 2
uid 79568740|age 5|gender 1|marriageStatus 11|education 2|consumptionAbility 1|LBS 514|interest1 12 75 29 49 122 36 34 11|interest2 73 1 70 33 82 4 41 74|interest5 119 52 33 131 116 109 8 28 6 42 20 121 59 64 103|kw1 259221 102695 796282 378773 371405|kw2 8399 36256 97923 112021 115451|topic1 6152 791 1338 8402 5023|topic2 9857 5744 8804 5617 6953|ct 1 3|os 1|carrier 2
uid 48674726|age 2|gender 2|marriageStatus 13 10|education 2|consumptionAbility 2|LBS 27|interest1 86 12 83 6 115 88 57 36 11|interest2 1 70|interest5 52 92 116 1 109 128 8 86 115 6 2 42 43 121 74 59 64 85 133|kw1 568780 621287 768010 525167 37705|kw2 95828 10712 93916 15550 18185|topic1 2010 1835 6072 4248 6471|topic2 3313 3865 679 8265 8045|ct 1 3|os 1|carrier 0
uid 76005118|age 5|gender 1|marriageStatus 0|education 2|consumptionAbility 1|LBS 112|interest1 86 109 49 83 122 119 42 35 36 11|interest2 47 79 73 69 46 6 3 37|kw1 30061 127491 22550 136465 321947|kw2 79491 56906 84113 75928 13581|topic1 2756 6010 9084 682 4701|topic2 598 6945 8646 9204 2046|ct 0|os 0|carrier 0
uid 9497637|age 5|gender 1|marriageStatus 11|education 7|consumptionAbility 1|LBS 214|interest1 70 118 109 76 69 28 8 59 49 122 6 119 18 116 36 11 44|interest2 22 46 70 4 41 14|interest3 4 5|interest5 131 37 4 8 50 6 46 60 129|kw1 589756 118425 515008 501546|kw2 87384 81211 74061 8546 85285|kw3 31081 36983 16457 17693 17468|topic1 9826 5086 7684 1231 2274|topic2 5115 2853 5347 2979 6311|topic3 4421 3018 9291 3470 4387|ct 1 3|os 1|carrier 1
uid 79585497|age 5|gender 1|marriageStatus 11|education 7|consumptionAbility 1|LBS 112|interest1 93 70 86 109 47 75 8 29 49 83 6 72 46 56 36 11 118 76 59 122 119 114 111 17 9 116|interest2 73 79 46 6 19 36 13 74 72|interest5 100 92 116 13 47 71 12 8 50 28 6 42 76 75 9 20 46 64 85 21 52 131 132 89 121 59 60 10 129 22 67 93|kw1 346668 271833 473059 711156 208572|kw2 74061 8546 117462 16186 115302|topic1 9826 8290 644 6762 1971|topic2 3394 2737 598 6459 2943|ct 3 1|os 1|carrier 1
uid 79080591|age 5|gender 1|marriageStatus 0|education 2|consumptionAbility 0|LBS 199|interest1 70 76 75 29 17 56 36 11|interest2 63 24 70 30 35|kw1 234556 725039 605930 223415 411962|kw2 8351 55749 41124 32068 75238|topic1 4478 9132 2452 9264 6599|topic2 548 5460 7366 9464 1094|ct 4 1 3|os 1|carrier 0
uid 20822033|age 2|gender 1|marriageStatus 13 10|education 7|consumptionAbility 1|LBS 143|interest1 70 12 76 75 28 16 29 49 73 88 17 56 36 11 87|interest2 73 42 9 1 46 70 21 74 10 29 35|interest3 6 8 10 4 9 1 7 3 5 2|interest4 6 4 1 7 5 2|interest5 127 100 72 37 116 13 47 78 109 8 30 6 76 9 46 94 58 122 35 52 131 11 121 59 10 18 129 120 93|kw1 589131 446340 668572 750436 368434|kw2 93916 18185 117548 10695 41548|kw3 36983 30214 30794 8820 25590|topic1 9826 3504 523 5891 5592|topic2 2774 8183 3820 3706 597|topic3 1257 578 4845 43 8190|appIdAction 5482 5390 1968 4345 2391 5531 56 3444 4224|ct 3 1|os 1|carrier 3|house 1
uid 61874462|age 2|gender 2|marriageStatus 13 10|education 2|consumptionAbility 1|LBS 687|interest1 70 118 109 75 48 8 29 49 6 119 73 95 91 23 17 56 116 36 11 117 87|interest2 19 13|interest5 116 78 71 109 8 112 30 50 28 6 7 42 76 55 20 36 58 64 68 21 44 52 31 131 73 132 19 102 121 59 24 18 129 130 96 120 93|kw1 491907 726845 716560 176964 248608|kw2 71378 9279 90747 60463 41409|topic1 3213 5066 9826 9376 5230|topic2 3253 7753 2052 2093 4322|ct 3|os 1|carrier 1
uid 62904014|age 3|gender 2|marriageStatus 10|education 6|consumptionAbility 1|LBS 927|interest1 70 12 48 106 17 56 36 34 11|interest2 9|kw1 419860 181856 503318 738286 172447|kw2 117548 112745 9363 39727 74065|topic1 1978 2028 8721 7596 2750|topic2 5743 1144 1921 1815 8420|ct 3|os 2|carrier 0
uid 29708113|age 2|gender 2|marriageStatus 10|education 7|consumptionAbility 1|LBS 809|interest1 70 77 118 12 47 75 76 8 29 59 49 6 26 46 71 9 112 36 11 25|interest5 80 92 131 134 78 71 109 128 8 30 50 28 42 27 20 46 60 18 58 64 90 120 21|kw1 437171 468512 2268 298850 378773|kw2 71378 52864 461 12933 41409|topic1 5344 9850 7684 4701 3068|topic2 1971 8704 3308 8408 2017|ct 3 1 4|os 1|carrier 3|house 1
uid 29564174|age 3|gender 1|marriageStatus 0|education 2|consumptionAbility 2|LBS 803|interest1 93 70 86 37 109 98 75 69 33 8 29 49 6 73 72 46 56 36 11 107 118 76 48 41 18 39 95 57 17 90 50 87|interest5 52 100 72 131 37 116 11 109 8 28 6 132 27 20 46 121 59 129 40 83|kw1 758246 8561 418031 402245 433422|kw2 52864 461 12933 87384 43134|topic1 1450 6661 2086 644 9826|topic2 4518 9818 7780 8366 8834|ct 1 3|os 1|carrier 2
uid 42509376|age 5|gender 1|marriageStatus 11|education 2|consumptionAbility 0|LBS 210|interest1 93 70 77 37 109 12 98 75 69 8 29 49 6 42 46 35 36 34 11 38 20 118 100 76 119 18 39 60 116|interest2 24 6 19 13 30|interest3 4 1 5 2|interest5 100 80 37 50 6 19 46 59|kw1 172567 569840 283399 761845 578677|kw2 28206 39544 92902 76233 85177|kw3 55758 9888 14161 43202 54108|topic1 9826 7684 523 9264 6939|topic2 246 9496 8357 5927 423|topic3 9306 6363 6306 6111 8131|appIdInstall 21699 50700 62170 10525 51634 43468 14885 34634|ct 3 1|os 1|carrier 1
uid 13090634|age 5|gender 1|marriageStatus 12 13|education 7|consumptionAbility 1|LBS 734|interest1 93 70 86 109 12 47 75 4 8 29 49 83 6 42 46 88 35 56 36 11 118 100 76 28 59 64 5 114 57 17 9 116|interest2 22 70|interest5 100 72 92 116 13 4 78 71 8 30 28 6 42 76 55 9 75 46 58 35 103 38 21 65 52 131 11 79 113 66 132 121 23 59 118 18 93|kw1 608683 687054 342755 20889 182998|kw2 105115 58909 62260 66797 120995|topic1 4762 9826 7596 321 4316|topic2 4341 849 1932 5371 7541|ct 1 3|os 1|carrier 3|house 1
uid 39738646|age 5|gender 1|marriageStatus 10|education 6|consumptionAbility 1|LBS 810|interest1 93 70 77 37 75 76 69 29 6 46 22 57 116 36 54 11|interest2 47 69 53 4 39|interest5 100 80 37 116 53 13 78 1 71 109 8 30 6 42 76 46 58 35 56 103 38 52 131 89 121 23 59 18 129 93|kw1 497092 517534 20572 303996 654538|kw2 11395 81981 79112 49132 5698|topic1 4530 9826 2674 9849 3816|topic2 2685 1285 6559 7981 9939|ct 3 1|os 1|carrier 1|house 1
uid 58973397|age 4|gender 1|marriageStatus 11|education 7|consumptionAbility 1|LBS 921|interest1 93 70 76 48 106 6 46 60 22 36 11|interest5 127 52 100 72 92 131 116 71 109 29 8 6 42 76 75 46 121 59 64 114 120 93 15|kw1 785980 253971 415855 405155 650029|topic1 523 7281 5488 3729 7594|ct 3 1|os 2|carrier 1|house 1
uid 45095922|age 1|gender 2|marriageStatus 12 13|education 6|consumptionAbility 1|LBS 795|interest1 93 59 49 26 46 36 11 25|interest2 18 68|interest5 100 72 80 37 116 78 1 71 109 8 30 6 42 27 46 64 114 90 21 40 26 119 52 131 107 89 121 23 59 129 120|kw1 361407 645355 672737 438702 730501|kw2 17355 43585 51859 75489 7810|topic1 9826 523 1487 3450 7608|topic2 4975 3520 105 4323 6798|ct 3 1 4|os 1|carrier 1
uid 6829498|age 2|gender 1|marriageStatus 10|education 2|consumptionAbility 1|LBS 748|interest1 109 6 5 116|interest2 46 29|kw1 671739 348509 118694|kw2 7489 61538 117479 27844 104887|topic1 3941 2003 7868 8443 5715|topic2 8269 1988 8159 5316 7969|ct 3 1|os 1|carrier 0
uid 21228412|age 3|gender 1|marriageStatus 6 13|education 2|consumptionAbility 2|LBS 668|interest1 93 70 86 118 76 75 1 102 28 8 29 83 27 6 7 53 46 116 36 11|interest5 77 100 92 131 78 109 8 30 50 6 75 46 123 59 24|kw1 78000 100680 691885 196312 588617|kw2 75000 58596 90034 27716 104791|topic1 5199 6661 6939 9826 3954|topic2 5641 5547 4520 7546 7461|ct 3 1|os 1|carrier 1
uid 44627955|age 1|gender 1|marriageStatus 11|education 7|consumptionAbility 1|LBS 61|interest1 93 70 77 86 37 47 76 49 83 2 114 46 9 36 11|interest2 22 9 46 70 23 37 29|interest5 127 100 72 80 37 116 101 13 47 4 109 8 6 42 9 46 64 52 131 41 121 59 10 129|kw1 490237 159431 712461 272373 495006|kw2 78952 15868 12437 109875 51012|topic1 3345 8196 2443 2737 9826|topic2 5115 2979 6311 5641 1058|ct 3 2 1|os 1|carrier 1|house 1
uid 18387807|age 5|gender 2|marriageStatus 10|education 7|consumptionAbility 1|LBS 972|interest2 22 73 31 70 74 44 10|interest5 131 47 109 8 50 6 19 76 59 10 130 83|kw2 30101 27507 22890 846 84698|topic2 1404 7724 9272 6218 6081|ct 3|os 1 2|carrier 1
uid 46743116|age 3|gender 1|marriageStatus 11|education 2|consumptionAbility 1|LBS 392|interest1 93 70 118 109 75 76 69 8 29 39 46 36 11 44|interest5 52 100 131 13 47 71 8 50 6 42 9 102 46 59 64 129 22 38|kw1 664156 428098 499130 630809 258821|kw2 107309 19106 37071 71854 4612|topic1 7964 8879 7016 1488 839|topic2 419 9687 3068 8480 5622|ct 3 2 1|os 2|carrier 2
uid 75688239|age 2|gender 1|marriageStatus 13 10|education 7|consumptionAbility 0|LBS 124|interest1 70 76 48 28 17 56|interest2 73 74|interest5 52 92 116 47 78 128 8 30 6 132 42 76 59 10 18 58 103 93|kw1 276941 777045 78979 30267 678849|kw2 17355 11715 41919 8646 18185|topic1 6266 8608 2231 2109 4037|topic2 8402 4848 2955 2264 1297|ct 1 3|os 1|carrier 3
uid 18520905|age 2|gender 2|marriageStatus 10|education 6|consumptionAbility 1|LBS 142|interest1 36 11|interest5 119 52 72 31 33 63 78 1 109 8 30 69 50 28 6 42 76 20 59 60 64 129 93|kw2 85039 97701 89066 66915 41565|topic1 2853 8068 8754 791 1303|topic2 1911 5169 2082 3104 3600|ct 3|os 1|carrier 1
uid 37962050|age 5|gender 1|marriageStatus 0|education 2|consumptionAbility 0|LBS 7|kw1 789579 274638 480211 33249 119206|kw2 18185 38306 344 16830 64465|topic1 9877 5076 308 8353 4352|topic2 7433 310 9310 5220 2485|ct 0|os 0|carrier 0
uid 78878502|age 2|gender 1|marriageStatus 0|education 1|consumptionAbility 0|LBS 803|interest1 75 29 36 11|kw1 526870|topic1 8760 3530 7366 7709 625|ct 0|os 0|carrier 0
uid 31866348|age 5|gender 2|marriageStatus 12 13|education 7|consumptionAbility 1|LBS 112|interest1 70 86 75 69 28 106 16 29 59 49 2 36 11 54|interest2 52 46 21 18 37|interest5 52 72 131 116 107 134 1 71 109 8 6 132 129 21|kw1 472798 743380 322529 462824 598420|kw2 4151 10420 14090 93916 846|topic1 3403 3068 9205 3162 4806|topic2 9481 514 2506 704 6457|ct 3 1|os 2|carrier 1|house 1
uid 36107397|age 2|gender 1|marriageStatus 10|education 7|consumptionAbility 1|LBS 809|interest1 70 47 106 59 49 15 85 9 36 11 65|interest2 24 30|interest5 104 72 92 63 37 116 13 47 109 8 50 6 42 76 75 46 57 85 52 31 131 29 73 19 89 121 59 10 129 110 93|kw1 99033 84492 142973 103790 575918|kw2 44999 18185 48892 115407 110619|topic1 9826 9377 1778 5107 7600|topic2 7573 8925 8917 9455 5410|ct 1 3|os 2|carrier 2
uid 6306232|age 5|gender 2|marriageStatus 13 10|education 6|consumptionAbility 1|LBS 585|interest1 70 109 75 76 29 59 49 91 36 11|interest2 79 52 1 46 70 6 21 4 28 18 41 65 27 29|interest5 92 116 47 71 86 28 73 6 99 27 75 121 59 10 129 21 40|kw1 373518 76448 34188 584360 780065|kw2 102474 56909 112365 119090 110858|topic1 1406 24 512 9682 8758|topic2 4808 9850 9298 4985 3949|ct 4 3 1|os 2|carrier 1|house 1
uid 3425774|age 4|gender 1|marriageStatus 11|education 2|consumptionAbility 1|LBS 600|interest1 93 77 98 75 29 6 46 71 36 11|interest3 6 8 10 4 9 1 7 3 5 2|interest5 127 100 80 131 37 12 8 28 6 7 99 76 20 46 59 25 129 93|kw1 338851 124017 478647 475629 155534|kw2 41616 86469 99899 76242 34457|kw3 36499 36983 8820 7540 43952|topic1 6455 744 9826 3075 8510|topic2 3080 9105 2700 5563 9818|topic3 1257 2937 43 4845 7393|ct 3|os 1|carrier 1
uid 51792958|age 1|gender 2|marriageStatus 13 10|education 7|consumptionAbility 1|LBS 284|interest1 70 12 100 47 49 122 9 17 58 56 112 36 11|interest2 47 79 20 6|interest5 52 72 131 116 71 29 8 69 73 66 6 27 121 59 129 56 90|kw1 468512 306902 189268 372776 109148|kw2 104182 45950 846 33055 81422|topic1 2259 5840 8071 8941 3965|topic2 1767 969 1747 364 143|ct 1 3 2|os 1 2|carrier 1|house 1
uid 71575280|age 5|gender 1|marriageStatus 13|education 7|consumptionAbility 1|LBS 105|interest1 70 86 118 109 47 76 28 8 16 59 49 83 41 6 119 68 57 17 56 103 116 36 11|interest2 73 46 19 4 13 41 74 15 14 29|interest5 52 92 131 116 13 71 8 6 132 42 76 27 9 75 89 121 59 64 130 21 40|kw1 216152 162804 715634 794178 652864|kw2 18185 120667 8646 5623 16186|topic1 9621 3429 965 8839 9216|topic2 1752 4739 5791 6457 7406|ct 1 3|os 1|carrier 1
uid 36955017|age 5|gender 2|marriageStatus 10|education 7|consumptionAbility 1|LBS 94|interest1 93 118 98 8 29 46|interest5 52 100 72 92 131 116 13 107 71 8 86 73 6 76 89 46 59 14 130 51 21 65|kw1 712725 197868 157180 348509 497092|topic1 9826 6455 1628 2719 744|ct 3|os 2|carrier 2
uid 30406823|age 3|gender 2|marriageStatus 11|education 2|consumptionAbility 0|LBS 859|interest1 70 77 76 75 29 27 53 46 17 56 36 11|interest2 28|kw1 295195 639280 497092 391535 713130|kw2 70467 11395 82720 17528 79112|topic1 5990 5129 8525 6939 4779|ct 1 3|os 1|carrier 0
uid 69276170|age 2|gender 2|marriageStatus 13 10|education 2|consumptionAbility 1|LBS 555|kw2 37224 32209 93192 51509 94457|topic2 3493 7462 8236 4985 8384|ct 0|os 0|carrier 0
uid 64901994|age 2|gender 1|marriageStatus 10|education 6|consumptionAbility 1|LBS 94|interest1 93 70 86 109 12 75 106 29 83 119 46 88 17 56 36 11|interest2 73 9 70 80 10|interest5 100 72 131 116 79 8 113 28 73 132 87 20 46|kw1 91298 208572 481963 753801 40491|kw2 104181 119723 38236 95139 67294|topic1 5518 1376 9072 4482 2718|topic2 8658 336 3995 1244 5037|ct 1 3 2|os 1|carrier 3|house 1
uid 76292505|age 5|gender 1|marriageStatus 11|education 7|consumptionAbility 1|LBS 737|interest2 22 24 42 73 9 52 46 70 6 21 4 28 50 30 43 23 37 14 29 79 80 41 39 78 54|interest5 127 100 80 37 116 28 6 5 20 46 74 59 129|kw2 38692 32068 41124 121009 121643|topic2 3493 829 3657 2853 8754|ct 3 1 2|os 1 2|carrier 2|house 1
uid 11582279|age 2|gender 1|marriageStatus 11|education 2|consumptionAbility 0|LBS 642|interest1 93 77 75 29 6 26 46 116 36 11 25|interest2 73 9 52 46 70 21 74 14 10 35|interest5 100 80 131 116 13 71 8 6 39 9 46 121 59 129 35 21|kw1 253554 538596 68211 411962 391535|kw2 95747 12142 5474 100552 117548|topic1 3029 6666 8822 644 3162|topic2 9047 3216 5348 2917 5958|ct 3|os 1|carrier 1|house 1
uid 71543752|age 1|gender 1|marriageStatus 10|education 1|consumptionAbility 0|LBS 176|kw2 77930 83311 42752 71492 27844|topic2 5105 6636 561 3499 8760|ct 0|os 0|carrier 0
uid 82186959|age 1|gender 1|marriageStatus 13 10|education 7|consumptionAbility 1|LBS 642|interest1 70 76 4 28 49 89 18 46 23 36 11|interest5 52 72 131 116 134 4 79 109 8 50 6 76 46 121 59 24 93|kw1 566702 684639 171951 613088 289211|kw2 117548 4199 56819 51859 69969|topic1 9826 1183 164 9222 1812|topic2 1290 6348 3600 4071 1380|ct 3 1|os 1|carrier 1
uid 55834021|age 1|gender 2|marriageStatus 13 10|education 6|consumptionAbility 0|LBS 972|interest1 36 11|interest2 24 30|kw1 140800|kw2 63974 41409 78542 37224 12937|topic1 4945 3178 7333 2675 328|topic2 5169 4431 6550 6145 4860|ct 3|os 1|carrier 0
uid 53523223|age 3|gender 2|marriageStatus 0|education 2|consumptionAbility 0|LBS 959|interest1 93 70 77 37 98 75 4 1 102 29 49 42 73 46 35 56 36 11 96 100 76 59 17 3|kw1 338851 580549 573082 755294 223415|kw2 34457 16631 18185 83460 70935|topic1 8853 6939 644 9132 4391|topic2 2979 7457 6945 6966 5497|ct 0|os 0|carrier 0
uid 8657759|age 2|gender 2|marriageStatus 10|education 3|consumptionAbility 1|LBS 317|interest1 70 76|interest2 73 9 3 18 68|interest5 77 52 72 116 79 109 8 6 27 121 129 40 26|kw1 216291 8561 73680 191969|kw2 49681 81716 89661 39727 87384|topic1 5703 7586 4581 45 7934|topic2 3808 4946 7843 7743 3609|ct 3 1|os 1|carrier 1
uid 57316593|age 5|gender 2|marriageStatus 6 13|education 7|consumptionAbility 1|LBS 364|interest1 70 77 100 75 76 69 28 106 29 59 67 49 6 18 114 46 23 116 36 11 54|interest2 19 13|interest5 100 72 80 92 11 47 79 29 113 41 86 66 6 42 76 46 59 129 110 103 93|kw1 732675 667520 765490 391535 371405|kw2 93916 8740 28789 30101 56819|topic1 2905 9826 1971 7684 1778|topic2 903 2439 380 1408 910|ct 1 3|os 2|carrier 1
uid 68930280|age 1|gender 2|marriageStatus 10|education 7|consumptionAbility 1|LBS 57|interest1 70 47 76 4 28 59 49 46 17 9 56 36 11|interest5 52 92 131 4 128 8 50 6 42 76 125 75 46 60 64 129 93|kw1 786419 181856 47358 31809 672539|kw2 42071 43977 77529 85039 66454|topic1 5715 9418 7910 384 7663|topic2 1031 4671 1745 5613 8930|ct 3 1|os 2|carrier 1
uid 77504664|age 4|gender 1|marriageStatus 11|education 7|consumptionAbility 1|LBS 338|interest1 93 77 118 69 33 8 29 6 46 71 57 116 36 11 44|interest5 127 52 100 80 131 37 116 134 71 109 8 61 50 6 46 121 59 129 21|kw1 444097 538897 285713 29551 733823|kw2 18752 9371 95007 70935 76242|topic1 3531 3026 2844 6666 6254|topic2 895 5392 3865 3966 7388|ct 3|os 1|carrier 0
uid 62979353|age 4|gender 1|marriageStatus 11|education 2|consumptionAbility 1|LBS 131|interest1 93 70 77 100 75 76 29 27 19 46 36 11|interest2 24 9 1 46 70 30 23 14|interest5 100 80 131 37 8 28 6 20 46 74|kw1 311554 34495 223415 411962 483274|kw2 102474 83047 89393 97701 18086|topic1 6661 3414 3162 8496 6954|topic2 425 3 7400 4101 8747|ct 3 1|os 1|carrier 1
uid 70570929|age 4|gender 1|marriageStatus 10|education 7|consumptionAbility 1|LBS 458|interest1 93 42 46 35 17 56 36 11|interest2 24 79 9 46 6 28 30 65 14|interest5 100 92 37 116 13 47 8 6 2 42 75 9 46 94 36 58 64 133 52 131 89 121 59 118 10 129|kw1 675375 145279 620172 738193 538596|kw2 74860 52864 461 12933 1096|topic1 3851 4317 8828 5935 7608|topic2 2485 597 8621 9600 9135|ct 1 3|os 2|carrier 1|house 1
uid 48257300|age 1|gender 1|marriageStatus 2 13|education 7|consumptionAbility 1|LBS 425|interest1 93 70 86 12 47 75 4 29 49 83 6 42 73 46 88 56 62 36 34 11 76 28 95 71 57 23 9 17 21 65 3 117|interest2 73 9 1 46 70 4 28 48 43 14 10 35|interest5 100 72 92 116 13 47 4 71 8 86 6 42 46 94 64 56 21 52 131 11 79 121 74 10 129|kw1 702906 54076 234422 410690 223415|kw2 56400 84023 26546 37224 32415|topic1 9826 477 5344 466 4209|topic2 2913 3394 2737 4144 598|ct 1 3|os 1|carrier 1|house 1
uid 6761849|age 3|gender 1|marriageStatus 13|education 2|consumptionAbility 0|LBS 176|interest1 70 76 48 49 15 122 18 17 56 36 11|kw1 120388 393131 767564 93870|kw2 117274 5623 18185 117548 85264|topic1 9589 9826 5856 6484 6588|topic2 6945 7389 3404 9934 8369|ct 0|os 0|carrier 0
uid 45937599|age 4|gender 2|marriageStatus 11|education 3|consumptionAbility 0|LBS 325|interest1 93 70 77 86 37 109 12 98 47 75 4 29 108 6 42 46 35 56 112 36 11 76 119 39 60 57 9 17 116|interest4 6 4 9 1 5 2|kw1 203785 193555 638383 341251 761845|kw2 28206 76242 29578 30101 19526|topic1 523 9826 8778 644 8048|topic2 1256 876 8630 8593 2979|appIdAction 3749 927 4726 6138 1960 3321 725 1559 3526 4830 3080 1519 562 4807|ct 3|os 1|carrier 0
uid 14759415|age 5|gender 1|marriageStatus 10|education 7|consumptionAbility 2|LBS 280|interest1 93 70 77 37 109 98 47 75 8 29 49 6 46 56 36 11 118 76 28 106 59 64 119 18 114 95 57 9 17 116|interest2 33 16|interest5 100 72 80 131 37 116 79 71 8 6 132 39 89 46 121 118 18 58 21|kw1 569468 687479 182185 435944 664899|kw2 33598 92155 17943 113122 52864|topic1 2800 7370 6845 3162 9377|topic2 5169 4019 6978 9047 7654|ct 3|os 1 2|carrier 1
uid 22501467|age 5|gender 1|marriageStatus 10|education 7|consumptionAbility 1|LBS 554|interest1 93 37 118 109 75 33 8 29 27 6 119 19 46 71 57 116 36 11|interest5 100 72 131 37 116 11 71 48 29 8 6 89 46 121 74 59 21|kw1 81071 669052 472470 574847 479826|kw2 106027 51210 11395 44062 79112|topic1 6939 6390 5068 8389 8110|topic2 8577 7949 4776 1811 7996|ct 3 1|os 1 2|carrier 2
uid 42173722|age 2|gender 1|marriageStatus 10|education 1|consumptionAbility 0|LBS 309|interest1 86 2 42 82|interest5 80 131 116 47 71 8 6 42 76 89 46 121 59 129 81 103 38 93|kw1 655698 573834 511167 118076 376156|kw2 25161 5623 100125 105942 34154|topic1 9205 1867 7684 7840 8881|topic2 6701 6586 4835 8539 8991|ct 2 3|os 2|carrier 2
uid 9233698|age 2|gender 1|marriageStatus 10|education 7|consumptionAbility 2|LBS 142|interest1 70 76 73 87|interest2 52 46 21 29|interest5 72 131 11 8 17 50 6 42 76 59 64 96 93|kw1 627369 361412 138489 265420 673743|kw2 95747 66348 117586 12142 11395|topic1 4506 2662 876 3518 2093|topic2 4690 2685 5071 7453 5275|ct 3 2|os 1|carrier 2
uid 44179028|age 1|gender 1|marriageStatus 11|education 7|consumptionAbility 1|LBS 486|interest1 93 70 86 12 47 75 4 69 45 29 49 83 26 46 115 88 56 36 11 25 44 76 28 16 106 59 41 113 23 9 17|interest2 52 21|interest5 52 100 72 131 116 13 47 4 8 69 61 50 73 6 76 9 46 62 23 59 10 129 93|kw1 497092 299498 752634 688151 93552|kw2 119497 37224 27844 85195 85930|topic1 9826 5590 8357 523 3058|topic2 8265 8775 4645 8525 4818|ct 1 3|os 1|carrier 3|house 1
uid 19350103|age 2|gender 1|marriageStatus 13 10|education 6|consumptionAbility 1|LBS 204|interest1 70 86 109 76 59 49 64 6 2 119 95 17 56 116 36 11|interest2 22 73 42 9 1 46 70 28 29 10 35|interest5 52 131 8 42 76 27 64 40 93|kw1 753799 53354 655597 299729 705366|kw2 42879 119538 66413 98953 70749|topic1 46 9826 2285 5269 7016|topic2 6945 3760 8402 8306 3540|ct 2 1 3|os 1|carrier 1
uid 39974745|age 5|gender 1|marriageStatus 11|education 6|consumptionAbility 1|LBS 737|interest1 70 109 49 41 6 18 111 60 57 17 58 56 116 36 11|interest2 73 79 24 67 52 1 46 70 6 21 33 4 3 18 30 74 41 14 27 29|interest5 127 100 72 33 37 116 13 109 8 50 6 42 9 46 36 64 35 52 131 41 19 121 23 74 59 129 54|kw1 500814 567871 398226 407303 680457|kw2 72528 11395 63243 79112 114920|topic1 6861 301 9768 5297 497|topic2 6311 5641 5115 6781 6459|ct 3 1 2|os 2 1|carrier 2
uid 39600626|age 1|gender 1|marriageStatus 10|education 2|consumptionAbility 2|LBS 246|interest1 49 23|interest2 22 1 46 70 14 10 35|interest5 92 131 116 8 86 42 76 75 121 85 133 93|kw1 669945|kw2 34410 14684 89285 72929 63042|topic1 958 3439 1157 5508 6324|topic2 4430 7496 3301 41 4580|ct 3 1 2|os 1|carrier 3|house 1
uid 47153734|age 5|gender 1|marriageStatus 10|education 2|consumptionAbility 0|LBS 210|ct 0|os 0|carrier 0
uid 74780776|age 3|gender 2|marriageStatus 0|education 7|consumptionAbility 1|LBS 687|interest1 93 70 77 86 37 109 98 75 69 33 8 29 49 83 27 6 73 53 46 56 36 11 107 118 76 28 106 59 41 39 17 116 87|interest2 24 79 70 6 33 30 54|kw1 497595 416399 471398 488669 138767|kw2 57794 846 13103 113994 21341|topic1 9826 4391 3919 317 6939|topic2 96 7657 9445 2199 4724|ct 3 1|os 1|carrier 0
uid 70498778|age 4|gender 1|marriageStatus 11|education 6|consumptionAbility 1|LBS 161|interest1 70 86 37 109 4 75 76 28 29 41 83 108 39 46 36 11|interest2 24 30|interest5 52 100 92 131 37 13 4 128 8 6 75 46 23 59 14 129|kw1 650501 106771 271833 27937 493747|kw2 15718 20981 4930 13476 103790|topic1 7698 523 2317 2036 9826|topic2 2601 8695 5002 9677 4323|ct 1 3|os 2|carrier 1
uid 73710452|age 4|gender 1|marriageStatus 11|education 7|consumptionAbility 1|LBS 708|interest1 93 70 77 86 37 109 75 8 29 49 83 6 73 46 56 36 11 118 76 48 106 16 59 15 89 39 68 60 23 17 87|interest2 73|kw1 100680 508819 443117 55402 563577|kw2 83288 117462 7014 85918 76242|topic1 7358 2961 9826 2036 8525|topic2 105 5922 8081 4192 150|ct 0|os 0|carrier 0
uid 64855584|age 1|gender 2|marriageStatus 13 10|education 6|consumptionAbility 1|LBS 809|interest1 70 76 69 16 49 23 54|interest2 73 79 1 46 70 6 74 37|interest5 52 72 131 11 47 78 79 8 30 6 76 27 25 10 129 40 93 26|kw1 575485 118355 279516 562294 555051|kw2 120667 8646 72453 41690 93916|topic1 2519 8775 4164 6095 9464|topic2 4739 5791 6457 7745 1974|ct 3 1|os 1|carrier 1
uid 33187717|age 1|gender 1|marriageStatus 11|education 2|consumptionAbility 2|LBS 128|interest1 93 77 98 75 4 29 46 36 11|interest2 24 30|interest5 100 80 47 4 109 28 76 20 46 118 58 81 120 93 83|kw1 505702 497092 8561 234422 57239|kw2 52864 461 12933 32301 37077|topic1 816 2604 4391 523 1317|topic2 2979 4426 5046 6169 6945|ct 3|os 1|carrier 2
uid 34125035|age 4|gender 2|marriageStatus 13|education 2|consumptionAbility 1|LBS 458|interest1 70 109 12 98 76 69 28 29 59 49 41 6 119 114 68 57 23 58 116 36 34 11 107|interest2 47 22 24 73 9 69 31 1 53 46 70 4 28 18 30 74 41 15 44 37 65 14 29|interest5 72 92 37 116 47 71 8 50 6 76 27 75 46 114 21 40 131 11 107 79 69 16 73 132 19 121 59 25 60 10 93|kw1 730501 160626 546631 89154 427927|kw2 61054 27257 47579 40243 83414|topic1 6939 9826 1971 4818 465|topic2 1855 741 537 5291 8577|ct 3 1|os 1 2|carrier 3
uid 50186621|age 1|gender 2|marriageStatus 13 10|education 6|consumptionAbility 1|LBS 112|interest1 70 76 28 67 41 6 116 36 11|interest2 24 52 21 30|interest5 72 92 116 47 78 71 109 8 30 50 28 6 42 76 27 46 58 64 52 131 73 132 5 89 121 74 118 59 18 129 120 127 37 101 1 128 86 115 99 43 20 75 114 90 21 40 11 107 79 124 113 69 87 49 10 60 22 51 93|kw1 541517 47358 64588 522888 446617|kw2 11395 79112 103421 4932 87384|topic1 6099 9826 7519 3599 6939|topic2 6417 2017 597 9499 5152|ct 1 3|os 1|carrier 1|house 1
uid 34301425|age 5|gender 2|marriageStatus 13 15|education 7|consumptionAbility 1|LBS 112|interest1 93 70 109 100 47 75 29 49 15 91 46 9 17 56 36 11|interest2 47 73 31 20 44|interest3 6 8 10 4 9 1 7 3 5 2|interest4 10 4 5|interest5 100 72 37 116 47 78 8 30 28 6 42 76 27 20 46 64 40 52 31 131 11 69 121 59 10 129 93|kw1 438702 643154 743716 331614 658347|kw2 11395 79112 104182 74030 45950|kw3 36983 55758 9888 45477 43606|topic1 2036 6939 8525 3238 8130|topic2 9487 2351 4767 5160 4123|topic3 7157 8333 43 3418 7730|appIdInstall 11927 55984 19563 18728 31684 17003 29323 12821 52772 18845 61020 10378 59786 23747 26623 44380 26049 46120 32386 60283 4661 5596 49617 59014 27355 30313 21649 9174 8627 9735 20091 7385 23878 34329 9445 24830 64451 46155 50254 44512 28248 17592 62676 61420 45857 13392 26 19067 40123 47375 18034 51354 44323 49411 49662 28622 10913 22600 436 38672 20156 55350 17427 4350 33837 59290 24743 32055 1233 47393 30587 9820 21808 11504 12692 51225 55418 46842 27059 51703 21791 17894 25691 8370 56953 22203 45207 327 7336 55471 64536 29487 42870 56424 29550 52682 36491 14237 62424 54813 7418 13014 48766 26319 12463 51886 58573 62305 14832 23313 44295 52377 25647 15985 42747 45110 27077 12672 22310 34124 9266 23486 24951 49291 50388 41049 6503 17024 23345 45581 30652 5318 16574 28926 23480 40181 22164 52291 43504 3976 35457 23727 48804 57849 2528 41827 22598 36569 28263 56802 11245 48825 7900 23277 6632 51784 15181 10876 21699 50700 30706 37621 56302 42123 49855 40434 24331 41588 50416 44518 32702 24269 12468 34259 51742 62419 13163 43428 14304 6071 32742 12035 37518 50256 41664 48765 20012 5896 45798 49236 14013 34634 11066 39052 56530 48818 4421 58925 56406 57055 49587 35015 38510 43638 26982 62379 4252 23593 44478 49269 20338 52854 55026 61498 34006 47757 8899 47366 45416 29193 25753 60084 47021 64678 24631 63791 9155 39714 31814 27057 41510 41168 46809 42466 20960 51555 53171 746 14785 16936 12919 26317 33550 44200 7654 12696 30215 57083 7154 9861 61244 16267 6625 6220 41078 54508 8653 61052 58017 41363 32561 17810 36822 62128 1191 45738 49142 10755 52095 47169 58506 41607 44586|appIdAction 884|ct 3 2 1|os 1 2|carrier 1
uid 30679104|age 4|gender 1|marriageStatus 11|education 7|consumptionAbility 1|LBS 203|interest1 70 86 76 28 83 36 11|interest5 92 116 13 86 6 132 42 111 94 59 64|kw1 363032 369678 2268 50717 562294|kw2 37224 27783 112877 80924 18185|topic1 4743 6763 7468 5377 7218|topic2 975 3600 1408 5963 9135|ct 1 3|os 1|carrier 3
uid 24247552|age 4|gender 2|marriageStatus 10|education 5|consumptionAbility 0|LBS 300|interest1 51 70 37 98 76 48 28 8 106 29 67 59 49 73 46 36 11 90 87|interest2 79 73 81 46 70 6 33 74 37|interest3 4 9 5|kw1 505188 298533 352468 122176 557441|kw2 52864 461 12933 90029 26279|kw3 18468 49091 45913 39984 39523|topic1 6661 8189 37 5625 369|topic2 598 5115 5641 8095 6681|topic3 308 1084 2750 835 7393|appIdInstall 45338 45738 45516|ct 3 4 1 2|os 1|carrier 0
uid 71358102|age 2|gender 1|marriageStatus 10|education 2|consumptionAbility 1|LBS 275|interest5 31 131 63 116 78 109 8 30 50 6 121 88 23 83|kw2 79166 117548 14684 15571 29447|topic2 8005 2913 672 9070 9108|ct 3 1|os 1|carrier 3
uid 47016173|age 4|gender 1|marriageStatus 11|education 6|consumptionAbility 1|LBS 192|interest1 93 70 86 12 121 75 69 102 8 29 49 83 42 46 55 35 56 112 36 11 38 44 51 76 28 59 114 17|interest2 52 21 50 78|interest5 100 116 13 47 71 50 73 6 132 9 46 121 59 14 60 110 21|kw1 632328 651180 195616 468512 411962|kw2 87384 81211 62764 91852 38163|topic1 8834 9826 644 8183 3308|topic2 7593 9008 9235 1264 4019|ct 3 1|os 1|carrier 3
uid 74834157|age 1|gender 2|marriageStatus 10|education 6|consumptionAbility 2|LBS 446|interest1 109 6 39 71 36 11|interest2 70 54|kw1 259982 352416 749397 564814 129976|kw2 40043 48900 55788 43977 51886|topic1 6248 3585 1279 94 6234|topic2 6451 7634 2896 4974 6440|ct 0|os 0|carrier 0
uid 55649538|age 5|gender 1|marriageStatus 11|education 7|consumptionAbility 1|LBS 275|interest1 93 70 77 37 109 47 75 29 49 6 73 46 56 36 11 100 76 59 41 119 114 91 60 71 57 9 17 116 21 87|interest5 100 72 80 37 116 8 50 28 6 42 76 55 27 46 64 40 52 31 131 11 79 29 61 41 73 132 95 121 59 129 93|kw1 172567 162804 19806 497092 226422|kw2 88002 76242 4434 73507 58678|topic1 9826 9759 3941 6627 47|topic2 9283 6235 2439 690 4462|ct 1 3|os 1|carrier 3
uid 54645932|age 5|gender 1|marriageStatus 13 10|education 7|consumptionAbility 1|LBS 348|interest1 93 70 77 109 12 98 47 69 29 49 6 46 88 36 34 54 11 76 106 59 122 119 39 60 57 9 116|interest2 79 9 46 70 6 18 37 27|interest5 100 72 80 116 13 47 78 71 8 30 50 6 42 76 27 9 46 94 36 64 56 103 38 21 40 65 44 31 131 79 69 41 66 132 5 89 121 88 23 59 60 10 81 22 130 96 93|kw1 681410 637318 92320 138200 116224|kw2 79145 15868 57129 47288 77689|topic1 9751 644 6939 7684 8411|topic2 598 953 296 3280 9108|ct 1 3 4|os 2|carrier 1|house 1
uid 38319631|age 5|gender 1|marriageStatus 10|education 7|consumptionAbility 0|LBS 859|interest1 93 70 37 109 4 76 75 29 5 46 36 11|interest5 127 100 37 13 4 6 42 9 46 59 14 64|kw1 26682 519613 279796 565622 38774|kw2 117548 56819 48986 76242 13947|topic1 5346 2446 7483 91 5564|topic2 3104 4107 5963 3505 134|ct 3 1|os 2|carrier 1
uid 20067918|age 5|gender 1|marriageStatus 10|education 7|consumptionAbility 1|LBS 246|interest1 93 70 77 12 69 49 6 73 46 88 56 36 54 11 107 76 48 28 106 59 41 18 114 60 23 17 116 3|interest5 100 72 80 92 116 13 71 8 50 6 2 42 27 75 9 46 94 64 133 56 114 21 40 52 131 41 39 89 121 74 59 24 129|kw1 506774 406875 562294 37592 172567|kw2 114283 28214 71854 47288 34525|topic1 3658 2011 173 4701 7019|topic2 506 5257 8402 9047 3756|ct 3 1|os 2|carrier 3|house 1
uid 40755024|age 3|gender 1|marriageStatus 11|education 7|consumptionAbility 1|LBS 908|interest1 70 109 12 98 76 75 4 29 6 119 39 46 55 57 116 36 11|interest2 73 9 31 74 44|interest5 52 72 37 4 71 8 69 41 6 42 46 59 64 129 21|kw1 538596 363460 8561 410690 556602|kw2 56438 52864 461 12933 57168|topic1 694 2771 1954 8525 4788|topic2 4191 2406 5506 3308 1051|ct 1 3|os 2 1|carrier 0
uid 71474950|age 2|gender 1|marriageStatus 13 10|education 2|consumptionAbility 1|LBS 275|interest1 70 77 109 75 76 29 49 119 114 91 46 36 11|interest5 80 116 13 17 50 6 132 42 5 76 9 46 121 59 60 64 35 103 93|kw1 530883 208572 471274 764324 709843|kw2 18185 63352 46123 82813 1805|topic1 2636 4623 8301 4535 3598|topic2 7330 1281 8154 1765 2979|ct 3 1|os 2|carrier 1|house 1
uid 47639961|age 2|gender 1|marriageStatus 0|education 1|consumptionAbility 0|LBS 72|kw2 46390 92898 81696|topic2 3952 7762 3029 5289 3575|ct 0|os 0|carrier 0
uid 71224434|age 5|gender 2|marriageStatus 13 15|education 7|consumptionAbility 0|LBS 174|interest1 70 76 73 26 17 56 36 11 87 25|interest2 73 74|kw1 183790 688774 105884 676079 540490|kw2 101564 4837 38532 110188 34154|topic1 9604 9359 607 3162 1794|topic2 9319 5641 2990 1207 8722|ct 3 1|os 2 1|carrier 0
uid 79303653|age 2|gender 1|marriageStatus 10|education 2|consumptionAbility 1|LBS 32|interest2 42 70|interest5 42 64|kw2 37979 20385 18185 9363 66915|topic2 239 5791 7206 3394 8347|ct 3 1|os 2|carrier 2
uid 66303208|age 2|gender 1|marriageStatus 2 13|education 2|consumptionAbility 1|LBS 114|interest1 109 12 75 29 59 49 6 119 5 68 17 56 116 36 34 11|interest2 22 42 73 9 1 52 46 70 21 80 28 74 43 65 54 29 10 35|interest5 116 47 71 109 8 50 6 76 58 38 52 131 132 5 121 123 59 118 10 60 129 110 130 120 93 15 54|kw1 784470 566015 445789 4685 236021|kw2 66348 117586 44452 56906 11581|topic1 2011 644 3417 7959 5473|topic2 9047 3331 4325 8823 2774|ct 3 1|os 1|carrier 3|house 1
uid 50682678|age 1|gender 1|marriageStatus 10|education 6|consumptionAbility 1|LBS 434|interest1 93 70 86 109 100 47 76 28 106 49 119 2 18 46 9 36 11|interest2 9 1 46 70 18 29|interest5 127 100 72 92 37 116 78 109 12 8 30 6 42 43 76 46 58 64 52 131 79 29 113 73 132 89 121 23 59 18 129 130 120 93|kw1 191560 600143 46751 186141 627369|kw2 39618 180 19826 79491 28314|topic1 9826 3598 4127 3202 7688|topic2 575 5042 2955 9952 3082|ct 3 1|os 1|carrier 3
uid 68477940|age 2|gender 2|marriageStatus 10|education 1|consumptionAbility 1|LBS 589|interest2 42 70|interest5 92 128 86 2 42 76 64 133 103 93|kw2 77930 88919 37224 23929 37979|topic2 4166 41 362 6468 2913|ct 3 4 1|os 1|carrier 1
uid 26511770|age 5|gender 2|marriageStatus 15|education 6|consumptionAbility 2|LBS 333|interest1 70 118 76 28 8 106 59 49 15 27 6 53 57 23 116 36 11|interest2 79 52 6 21 4 48|interest5 52 72 31 131 78 8 30 50 41 6 76 74 59 24 129 130 93|kw1 451173 114811 623073 418648 680072|kw2 28206 114862 37378 48343 86108|topic1 7134 4486 7193 1971 4367|topic2 1380 4585 661 4009 6318|ct 1 3|os 1|carrier 2
uid 3298177|age 5|gender 1|marriageStatus 10|education 7|consumptionAbility 2|LBS 152|interest1 70 47 76 59 49 42 9 35 36 11|interest5 52 131 8 50 19 60|kw1 137559 238967 167325 107362 635836|kw2 81211 95597 48624 117462 32132|topic1 4486 9826 2020 4997 3504|topic2 770 4473 9421 8238 773|ct 3|os 1|carrier 1
uid 8762244|age 4|gender 2|marriageStatus 10|education 2|consumptionAbility 1|LBS 432|interest5 52 131 116 71 8 73 6 132 121 129 21|kw2 18185 120198|topic2 211 1815 4701 7457 2802|ct 3|os 2|carrier 3
uid 76052407|age 1|gender 2|marriageStatus 13 10|education 7|consumptionAbility 1|LBS 612|interest1 70 109 47 28 59 49 6 111 9 116 36 11|interest2 24 30|interest5 72 37 116 13 71 109 8 50 28 98 6 42 46 64 35 56 52 131 107 41 89 121 60 120|kw1 156479 471241 306902 42710 659706|kw2 40348 112582 98591 41409 30292|topic1 8052 5201 7557 1456 6854|topic2 5169 1631 769 9743 5645|ct 1 3|os 2|carrier 1|house 1
uid 16362126|age 3|gender 1|marriageStatus 11|education 7|consumptionAbility 1|LBS 958|interest1 93 70 118 12 76 75 33 28 8 29 49 6 73 95 46 116 36 34 11 3|interest2 47 24 70 32 4 28 30 41 43|interest5 52 100 72 131 37 4 71 29 8 6 46 62 59 38|kw1 171741 285584 682774 230139 325609|kw2 29946 118557 76242 66027 96864|topic1 1338 3297 2706 6395 746|topic2 246 3819 7403 9496 7175|ct 1 3 2|os 2|carrier 1
uid 174233|age 3|gender 1|marriageStatus 11|education 7|consumptionAbility 0|LBS 846|interest1 93 70 86 37 75 4 8 29 49 6 73 72 46 36 11 118 76 28 89 18 114 57 116 87|interest2 24 9 33 19 13 30|interest5 100 72 37 116 11 4 79 6 42 76 46 121 59 64 129 133 103 93|kw1 26682 507804 326276 752634 434174|kw2 1225 72528 63243 114920 90656|topic1 164 5400 8778 373 7046|topic2 8704 5829 4622 2773 3940|ct 3 1 2 4|os 1|carrier 1
uid 65572597|age 2|gender 2|marriageStatus 13 10|education 7|consumptionAbility 1|LBS 268|interest1 70 109 28 59 49 41 6 119 114 57 116 36 11|interest2 31 44|interest5 92 116 47 78 109 8 30 50 28 6 42 76 111 27 20 58 64 90 52 131 124 73 19 5 121 59 60 18 129 81 120 93|kw1 162804 471241 175711 471858 124414|kw2 56438 12540 75460 51509 66915|topic1 5349 7959 3417 5201 2050|topic2 6799 5655 2053 8348 5131|ct 1 3|os 2|carrier 1
uid 39353403|age 1|gender 1|marriageStatus 13 10|education 6|consumptionAbility 2|LBS 7|interest1 93 70 12 76 69 46 115 88 17 56 36 11 20|interest2 22 73 70 74|interest5 52 100 116 13 8 6 132 42 46 94 59 36 129|kw1 725039 529821 8561 631253 55263|kw2 26163 81436 15571 90645 107455|topic1 188 7921 833 5529 4884|topic2 6978 3011 7974 5432 9861|ct 3 1|os 1|carrier 1|house 1
uid 52624170|age 5|gender 1|marriageStatus 13 10|education 6|consumptionAbility 1|LBS 756|interest1 93 86 69 59 49 2 46 113 36 11 107 20|interest2 63 22 24 73 70 21 33 30 74|interest5 100 92 131 37 116 71 8 73 6 132 2 42 46 121 59 64 133 38|kw1 585227 79451 758197 344445 664537|kw2 56399 116369 5262 106673 99827|topic1 400 128 6552 3471 9205|topic2 1929 1066 8602 7043 7875|ct 3 1|os 2|carrier 2|house 1
uid 72367282|age 3|gender 1|marriageStatus 11|education 2|consumptionAbility 0|LBS 240|interest1 93 12 75 29 6 46 71 13 36 11|interest5 100 46|kw1 11379 691885 26682 696607 693394|kw2 83460 43956 75218 109762 103471|topic1 8778 7165 2187 6903 9878|topic2 5641 6311 598 296 9357|ct 3 1|os 1|carrier 1|house 1
uid 16941308|age 5|gender 2|marriageStatus 11|education 7|consumptionAbility 1|LBS 432|interest1 93 70 77 118 76 28 8 106 49 15 122 6 46 17 56 116 36 11|interest2 73 79 46 6 19 4 18 36 13 74 39 37 14 27 29|interest5 100 72 80 113 50 41 6 46 60 129|kw1 671667 582875 505438 359760 239148|kw2 93916 110992 16186 2430 114283|topic1 2320 9826 3836 4080 353|topic2 597 336 4700 7621 8690|ct 3 1|os 1|carrier 3|house 1
uid 72053843|age 2|gender 2|marriageStatus 10|education 2|consumptionAbility 2|LBS 670|interest1 93 109 47 49 119 18 46 23 9|interest2 70 54|interest5 100 116 78 109 30 50 132 42 19 76 46 64 120 93 83|kw1 367429 100680 523245 465732 261123|kw2 113319 66915 32361 85039 1706|topic1 237 2379 2759 7684 3110|topic2 9832 3104 7390 3449 747|ct 1 3|os 2|carrier 1
uid 27956233|age 3|gender 1|marriageStatus 11|education 7|consumptionAbility 0|LBS 555|interest1 93 70 109 47 75 4 29 49 27 92 73 53 46 56 36 11 100 76 48 106 41 15 39 9 17 50 87|interest5 100 72 4 79 46|kw1 532163 493555 543535 391535 357055|kw2 28206 118120 9982 42752 118623|topic1 9818 2905 6955 9826 9954|topic2 8101 3613 5215 1531 7839|ct 1 3 4 2|os 1|carrier 3
uid 55823469|age 5|gender 2|marriageStatus 13 10|education 2|consumptionAbility 1|LBS 225|interest1 70 76 16 59 49 6 18 73 116 36 11 90|interest2 66 79 73 52 1 46 70 6 21 4 14 54|kw1 259043 542852 297478 340494 750174|kw2 17528 24659 49707 57026 98059|topic1 7445 8783 4772 2475 9323|topic2 6586 9064 1234 8910 8806|ct 3 1 4|os 1|carrier 0
uid 40618713|age 1|gender 2|marriageStatus 11|education 7|consumptionAbility 1|LBS 72|interest1 93 70 86 12 98 47 75 76 29 59 49 83 2 18 46 9 17 58 56 112 36 11|interest5 100 80 92 116 13 47 78 1 71 109 8 30 50 28 115 6 2 42 76 9 75 20 46 64 114 52 131 73 121 59 60 10 129 120 93|kw1 73777 576418 468512 309497 589299|kw2 102474 83414 110325 56874 87411|topic1 523 4367 7398 8822 644|topic2 8668 3123 9781 615 7670|ct 1 3|os 2|carrier 1|house 1
uid 40343766|age 1|gender 1|marriageStatus 10|education 7|consumptionAbility 1|LBS 161|interest1 70 47 76 106 67 6 22 9|interest2 24 30|interest5 131 37 13 71 109 8 6 9 46 59 18 58 129 114 120|kw1 311487 561319 612185 298533 43816|kw2 11395 87384 81211 79112 37300|topic1 164 7698 6854 6718 4029|topic2 6547 7805 5169 4518 3179|ct 3|os 2 1|carrier 2
